
## Dressed atom energy (in kcal/mol)


#basis=ccpvdz
           HF        MP2    CCSD(T)
 Z
 1    -369.69    -376.80    -379.65
 6  -23752.66  -23827.70  -23833.23
 7  -34162.67  -34261.02  -34265.59
 8  -46974.98  -47087.48  -47091.29
16 -249446.67 -249536.44 -249542.11
17 -288364.73 -288456.77 -288462.56



#basis=sto3g
           HF        MP2    CCSD(T)
 Z
 1       -373.18    -367.06    -369.89
 6     -23455.62  -23500.58  -23505.65
 7     -33711.59  -33748.48  -33753.06
 8     -46325.28  -46350.59  -46356.47
16    -246667.56 -246687.85 -246692.58
17    -285293.28 -285286.26 -285288.50



#basis=631g
           HF        MP2    CCSD(T)
 Z
 1      -368.92    -370.10    -372.58
 6    -23742.70  -23797.28  -23801.53
 7    -34140.55  -34209.01  -34211.57
 8    -46943.67  -47019.78  -47021.21
16   -249379.72 -249422.45 -249425.58
17   -288342.64 -288366.00 -288370.41


